5
46
0 24 42 49 53 57 74 86 89 132 146 153 167 173 190 220 222 226 227 234 235 238 246 257 258 262 276 284 294 318 326 333 343 347 351 356 372 389 417 438 439 440 455 459 477 481
153
6 10 12 13 15 20 23 25 27 29 33 34 38 40 44 54 61 62 65 69 72 73 76 78 87 94 98 99 100 101 102 108 110 113 114 117 121 123 124 126 128 129 133 138 141 144 148 149 154 159 166 171 174 175 177 179 180 182 184 188 189 192 198 200 201 205 206 208 210 211 212 215 216 217 223 228 230 239 241 243 244 248 249 250 254 255 261 266 267 268 270 271 272 273 275 282 296 298 302 304 305 306 309 310 311 323 325 334 341 346 355 358 360 361 364 366 367 368 371 375 385 390 395 398 399 401 402 403 406 407 413 414 422 424 428 431 435 441 442 443 445 451 457 460 462 465 467 468 469 472 473 474 482
51
8 9 18 19 32 46 51 67 70 75 82 92 107 112 122 134 135 150 191 233 240 242 251 253 263 277 281 288 290 303 319 320 322 324 337 339 345 349 362 374 378 386 392 393 394 396 404 432 437 452 475
48
1 11 35 37 48 52 58 66 88 97 109 118 119 140 143 151 168 178 196 197 199 204 209 259 264 265 280 283 286 292 300 321 327 352 353 354 357 363 377 381 382 415 425 430 433 434 450 463
186
2 3 4 5 7 14 16 17 21 22 26 28 30 31 36 39 41 43 45 47 50 55 56 59 60 63 64 68 71 77 79 80 81 83 84 85 90 91 93 95 96 103 104 105 106 111 115 116 120 125 127 130 131 136 137 139 142 145 147 152 155 156 157 158 160 161 162 163 164 165 169 170 172 176 181 183 185 186 187 193 194 195 202 203 207 213 214 218 219 221 224 225 229 231 232 236 237 245 247 252 256 260 269 274 278 279 285 287 289 291 293 295 297 299 301 307 308 312 313 314 315 316 317 328 329 330 331 332 335 336 338 340 342 344 348 350 359 365 369 370 373 376 379 380 383 384 387 388 391 397 400 405 408 409 410 411 412 416 418 419 420 421 423 426 427 429 436 444 446 447 448 449 453 454 456 458 461 464 466 470 471 476 478 479 480 483
